1764849364079 0.07429420505200594 50
1764849390600 0.1485884101040119 100
1764849417330 0.22288261515601784 150
1764849444618 0.2971768202080238 200
1764849470834 0.37147102526002973 250
1764849497788 0.4457652303120357 300
1764849524593 0.5200594353640416 350
1764849550979 0.5943536404160475 400
1764849577751 0.6686478454680534 450
1764849604643 0.7429420505200595 500
1764849631818 0.8172362555720654 550
1764849658172 0.8915304606240714 600
1764849685422 0.9658246656760773 650
1764849701188 1.0 673
1764849714973 1.0401188707280833 700
1764849738449 1.1144130757800892 750
1764849761815 1.188707280832095 800
1764849785120 1.263001485884101 850
1764849808445 1.3372956909361071 900
1764849832531 1.4115898959881128 950
1764849856020 1.485884101040119 1000
1764849879445 1.5601783060921248 1050
1764849903091 1.6344725111441307 1100
1764849926525 1.7087667161961368 1150
1764849950221 1.7830609212481425 1200
1764849973600 1.8573551263001487 1250
1764849997035 1.9316493313521546 1300
1764850020298 2.0 1346
1764850023302 2.0059435364041605 1350
1764850046640 2.0802377414561666 1400
1764850069965 2.1545319465081723 1450
1764850093274 2.2288261515601784 1500
1764850116641 2.303120356612184 1550
1764850140632 2.37741456166419 1600
1764850164008 2.4517087667161963 1650
1764850187457 2.526002971768202 1700
1764850210771 2.600297176820208 1750
1764850234202 2.6745913818722142 1800
1764850257667 2.74888558692422 1850
1764850281166 2.8231797919762256 1900
1764850304625 2.8974739970282317 1950
1764850328147 2.971768202080238 2000
1764850338725 3.0 2019
1764850354311 3.0460624071322435 2050
1764850377599 3.1203566121842496 2100
1764850400988 3.1946508172362558 2150
1764850424209 3.2689450222882614 2200
1764850447493 3.3432392273402676 2250
1764850470829 3.4175334323922733 2300
1764850494224 3.4918276374442794 2350
1764850518325 3.566121842496285 2400
1764850541742 3.640416047548291 2450
1764850565172 3.7147102526002973 2500
1764850588670 3.789004457652303 2550
1764850612127 3.863298662704309 2600
1764850635675 3.9375928677563152 2650
1764850656991 4.0 2692
1764850661913 4.011887072808321 2700
1764850685249 4.086181277860327 2750
1764850708542 4.160475482912333 2800
1764850731830 4.234769687964339 2850
1764850755243 4.3090638930163445 2900
1764850778564 4.383358098068351 2950
1764850801968 4.457652303120357 3000
1764850825290 4.531946508172362 3050
1764850848604 4.606240713224368 3100
1764850871956 4.680534918276375 3150
1764850896122 4.75482912332838 3200
1764850919698 4.829123328380386 3250
1764850943048 4.903417533432393 3300
1764850966412 4.977711738484398 3350
1764850975013 5.0 3365
1764850992364 5.052005943536404 3400
1764851015634 5.12630014858841 3450
1764851038977 5.200594353640416 3500
1764851062280 5.274888558692422 3550
1764851085644 5.349182763744428 3600
1764851108947 5.423476968796434 3650
1764851132346 5.49777117384844 3700
1764851155771 5.5720653789004455 3750
1764851179178 5.646359583952452 3800
1764851202615 5.720653789004458 3850
1764851226048 5.794947994056463 3900
1764851250252 5.86924219910847 3950
1764851273711 5.943536404160476 4000
1764851293130 6.0 4038
1764851299911 6.017830609212481 4050
1764851323192 6.092124814264487 4100
1764851346486 6.166419019316494 4150
1764851369808 6.240713224368499 4200
1764851392964 6.315007429420505 4250
1764851416269 6.3893016344725115 4300
1764851439611 6.463595839524517 4350
1764851462866 6.537890044576523 4400
1764851486281 6.612184249628529 4450
1764851509688 6.686478454680535 4500
1764851533125 6.760772659732541 4550
1764851556606 6.8350668647845465 4600
1764851579956 6.909361069836553 4650
1764851604142 6.983655274888559 4700
1764851610952 7.0 4711
1764851630399 7.057949479940564 4750
1764851653835 7.132243684992571 4800
1764851677233 7.206537890044577 4850
1764851700492 7.280832095096582 4900
1764851723692 7.355126300148588 4950
1764851746923 7.429420505200595 5000
1764851770306 7.5037147102526 5050
1764851793692 7.578008915304606 5100
1764851816973 7.6523031203566125 5150
1764851840331 7.726597325408618 5200
1764851863673 7.800891530460624 5250
1764851887044 7.8751857355126305 5300
1764851910449 7.949479940564636 5350
1764851928048 8.0 5384
1764851936671 8.023774145616642 5400
1764851960749 8.098068350668647 5450
1764851984104 8.172362555720653 5500
1764852007409 8.246656760772659 5550
1764852030652 8.320950965824666 5600
1764852053973 8.395245170876672 5650
1764852077350 8.469539375928678 5700
1764852100688 8.543833580980683 5750
1764852124026 8.618127786032689 5800
1764852147955 8.692421991084695 5850
1764852171484 8.766716196136702 5900
1764852194982 8.841010401188708 5950
1764852218453 8.915304606240714 6000
1764852241927 8.98959881129272 6050
1764852246756 9.0 6057
1764852267913 9.063893016344725 6100
1764852291183 9.13818722139673 6150
1764852315100 9.212481426448736 6200
1764852338383 9.286775631500744 6250
1764852361782 9.36106983655275 6300
1764852385071 9.435364041604755 6350
1764852408397 9.50965824665676 6400
1764852431933 9.583952451708766 6450
1764852455404 9.658246656760772 6500
1764852478788 9.732540861812778 6550
1764852502233 9.806835066864785 6600
1764852525656 9.881129271916791 6650
1764852549022 9.955423476968797 6700
1764852564678 10.0 6730
1764852565244 10.0 6730
