1764849364079 281116.71875 50
1764849390600 399527.09375 100
1764849417330 424452.53125 150
1764849444618 543196.375 200
1764849470834 523958.15625 250
1764849497788 651565.5625 300
1764849524593 913982.375 350
1764849550979 620628.75 400
1764849577751 645764.1875 450
1764849604643 542367.1875 500
1764849631818 563203.125 550
1764849658172 483963.0 600
1764849685422 707622.8125 650
1764849714973 564495.875 700
1764849738449 412562.0 750
1764849761815 405707.78125 800
1764849785120 427581.125 850
1764849808445 496699.5625 900
1764849832531 384524.5625 950
1764849856020 702384.75 1000
1764849879445 352976.53125 1050
1764849903091 549446.5625 1100
1764849926525 365364.125 1150
1764849950221 563130.6875 1200
1764849973600 372759.03125 1250
1764849997035 347250.3125 1300
1764850023302 318844.0 1350
1764850046640 443654.34375 1400
1764850069965 492736.875 1450
1764850093274 459769.5625 1500
1764850116641 107978.203125 1550
1764850140632 159082.03125 1600
1764850164008 403672.15625 1650
1764850187457 587143.375 1700
1764850210771 116890.515625 1750
1764850234202 574264.625 1800
1764850257667 323775.59375 1850
1764850281166 119150.6640625 1900
1764850304625 82585.90625 1950
1764850328147 430127.625 2000
1764850354311 355877.28125 2050
1764850377599 161701.671875 2100
1764850400988 196173.421875 2150
1764850424209 68993.1875 2200
1764850447493 382840.4375 2250
1764850470829 181188.5625 2300
1764850494224 554265.5 2350
1764850518325 715367.0 2400
1764850541742 24822.59765625 2450
1764850565172 176526.515625 2500
1764850588670 431700.4375 2550
1764850612127 695991.875 2600
1764850635675 803989.125 2650
1764850661913 756020.625 2700
1764850685249 312191.71875 2750
1764850708542 228827.203125 2800
1764850731830 178653.140625 2850
1764850755243 387535.6875 2900
1764850778564 492381.8125 2950
1764850801968 413502.84375 3000
1764850825290 255628.046875 3050
1764850848604 594245.125 3100
1764850871956 416512.34375 3150
1764850896122 476756.09375 3200
1764850919698 60311.625 3250
1764850943048 485058.40625 3300
1764850966412 57375.33203125 3350
1764850992364 681491.125 3400
1764851015634 181342.125 3450
1764851038977 331460.53125 3500
1764851062280 536804.5625 3550
1764851085644 643756.8125 3600
1764851108947 546467.3125 3650
1764851132346 253855.859375 3700
1764851155771 639789.3125 3750
1764851179178 418838.8125 3800
1764851202615 178658.140625 3850
1764851226048 21074.75 3900
1764851250252 141208.171875 3950
1764851273711 417602.78125 4000
1764851299911 9992.349609375 4050
1764851323192 172414.765625 4100
1764851346486 455461.15625 4150
1764851369808 493119.15625 4200
1764851392964 35055.50390625 4250
1764851416269 19522.53125 4300
1764851439611 211426.578125 4350
1764851462866 12710.5419921875 4400
1764851486281 53674.84765625 4450
1764851509688 41246.1796875 4500
1764851533125 371446.375 4550
1764851556606 462221.0 4600
1764851579956 365731.15625 4650
1764851604142 328187.78125 4700
1764851630399 184004.15625 4750
1764851653835 396122.75 4800
1764851677233 493634.3125 4850
1764851700492 554992.875 4900
1764851723692 531753.1875 4950
1764851746923 563772.625 5000
1764851770306 35964.3515625 5050
1764851793692 48224.5078125 5100
1764851816973 707617.875 5150
1764851840331 285918.03125 5200
1764851863673 46611.04296875 5250
1764851887044 361882.40625 5300
1764851910449 99032.921875 5350
1764851936671 453004.0 5400
1764851960749 153370.0625 5450
1764851984104 59099.046875 5500
1764852007409 119908.8203125 5550
1764852030652 187438.5625 5600
1764852053973 32512.2890625 5650
1764852077350 7518.7529296875 5700
1764852100688 14849.888671875 5750
1764852124026 216398.359375 5800
1764852147955 280839.21875 5850
1764852171484 16921.435546875 5900
1764852194982 30883.765625 5950
1764852218453 153911.15625 6000
1764852241927 135835.390625 6050
1764852267913 46018.6484375 6100
1764852291183 42750.9375 6150
1764852315100 744317.5 6200
1764852338383 174344.515625 6250
1764852361782 83034.984375 6300
1764852385071 320175.84375 6350
1764852408397 29790.900390625 6400
1764852431933 632061.5 6450
1764852455404 328921.1875 6500
1764852478788 3305.80078125 6550
1764852502233 472499.3125 6600
1764852525656 164956.546875 6650
1764852549022 645107.8125 6700
