1764849364079 1.4561664190193168e-06 50
1764849390600 2.9420505200594357e-06 100
1764849417330 4.427934621099554e-06 150
1764849444618 5.913818722139674e-06 200
1764849470834 7.399702823179793e-06 250
1764849497788 8.88558692421991e-06 300
1764849524593 1.0371471025260031e-05 350
1764849550979 1.1857355126300149e-05 400
1764849577751 1.3343239227340268e-05 450
1764849604643 1.4829123328380389e-05 500
1764849631818 1.6315007429420505e-05 550
1764849658172 1.7800891530460624e-05 600
1764849685422 1.9286775631500746e-05 650
1764849714973 1.991414891860657e-05 700
1764849738449 1.974905068515767e-05 750
1764849761815 1.958395245170877e-05 800
1764849785120 1.9418854218259867e-05 850
1764849808445 1.9253755984810966e-05 900
1764849832531 1.9088657751362065e-05 950
1764849856020 1.892355951791316e-05 1000
1764849879445 1.875846128446426e-05 1050
1764849903091 1.8593363051015357e-05 1100
1764849926525 1.8428264817566452e-05 1150
1764849950221 1.826316658411755e-05 1200
1764849973600 1.809806835066865e-05 1250
1764849997035 1.7932970117219748e-05 1300
1764850023302 1.7767871883770844e-05 1350
1764850046640 1.7602773650321942e-05 1400
1764850069965 1.743767541687304e-05 1450
1764850093274 1.727257718342414e-05 1500
1764850116641 1.7107478949975235e-05 1550
1764850140632 1.6942380716526333e-05 1600
1764850164008 1.6777282483077432e-05 1650
1764850187457 1.661218424962853e-05 1700
1764850210771 1.644708601617963e-05 1750
1764850234202 1.6281987782730724e-05 1800
1764850257667 1.6116889549281823e-05 1850
1764850281166 1.595179131583292e-05 1900
1764850304625 1.578669308238402e-05 1950
1764850328147 1.562159484893512e-05 2000
1764850354311 1.5456496615486218e-05 2050
1764850377599 1.5291398382037313e-05 2100
1764850400988 1.5126300148588411e-05 2150
1764850424209 1.496120191513951e-05 2200
1764850447493 1.4796103681690609e-05 2250
1764850470829 1.4631005448241704e-05 2300
1764850494224 1.4465907214792802e-05 2350
1764850518325 1.4300808981343901e-05 2400
1764850541742 1.4135710747895e-05 2450
1764850565172 1.3970612514446095e-05 2500
1764850588670 1.3805514280997194e-05 2550
1764850612127 1.3640416047548292e-05 2600
1764850635675 1.3475317814099391e-05 2650
1764850661913 1.3310219580650488e-05 2700
1764850685249 1.3145121347201586e-05 2750
1764850708542 1.2980023113752685e-05 2800
1764850731830 1.2814924880303784e-05 2850
1764850755243 1.2649826646854879e-05 2900
1764850778564 1.2484728413405978e-05 2950
1764850801968 1.2319630179957076e-05 3000
1764850825290 1.2154531946508173e-05 3050
1764850848604 1.198943371305927e-05 3100
1764850871956 1.1824335479610369e-05 3150
1764850896122 1.1659237246161467e-05 3200
1764850919698 1.1494139012712564e-05 3250
1764850943048 1.1329040779263663e-05 3300
1764850966412 1.1163942545814761e-05 3350
1764850992364 1.099884431236586e-05 3400
1764851015634 1.0833746078916955e-05 3450
1764851038977 1.0668647845468054e-05 3500
1764851062280 1.0503549612019153e-05 3550
1764851085644 1.0338451378570251e-05 3600
1764851108947 1.0173353145121348e-05 3650
1764851132346 1.0008254911672447e-05 3700
1764851155771 9.843156678223544e-06 3750
1764851179178 9.678058444774642e-06 3800
1764851202615 9.51296021132574e-06 3850
1764851226048 9.347861977876838e-06 3900
1764851250252 9.182763744427935e-06 3950
1764851273711 9.017665510979033e-06 4000
1764851299911 8.85256727753013e-06 4050
1764851323192 8.687469044081229e-06 4100
1764851346486 8.522370810632326e-06 4150
1764851369808 8.357272577183425e-06 4200
1764851392964 8.192174343734523e-06 4250
1764851416269 8.027076110285622e-06 4300
1764851439611 7.861977876836719e-06 4350
1764851462866 7.696879643387817e-06 4400
1764851486281 7.531781409938914e-06 4450
1764851509688 7.366683176490013e-06 4500
1764851533125 7.20158494304111e-06 4550
1764851556606 7.0364867095922084e-06 4600
1764851579956 6.871388476143306e-06 4650
1764851604142 6.706290242694403e-06 4700
1764851630399 6.541192009245502e-06 4750
1764851653835 6.376093775796599e-06 4800
1764851677233 6.210995542347697e-06 4850
1764851700492 6.045897308898795e-06 4900
1764851723692 5.880799075449894e-06 4950
1764851746923 5.715700842000991e-06 5000
1764851770306 5.550602608552089e-06 5050
1764851793692 5.385504375103186e-06 5100
1764851816973 5.220406141654285e-06 5150
1764851840331 5.055307908205383e-06 5200
1764851863673 4.89020967475648e-06 5250
1764851887044 4.725111441307578e-06 5300
1764851910449 4.560013207858676e-06 5350
1764851936671 4.394914974409774e-06 5400
1764851960749 4.229816740960872e-06 5450
1764851984104 4.06471850751197e-06 5500
1764852007409 3.899620274063068e-06 5550
1764852030652 3.7345220406141657e-06 5600
1764852053973 3.569423807165264e-06 5650
1764852077350 3.4043255737163617e-06 5700
1764852100688 3.2392273402674595e-06 5750
1764852124026 3.0741291068185577e-06 5800
1764852147955 2.9090308733696554e-06 5850
1764852171484 2.7439326399207532e-06 5900
1764852194982 2.5788344064718514e-06 5950
1764852218453 2.4137361730229488e-06 6000
1764852241927 2.248637939574047e-06 6050
1764852267913 2.0835397061251448e-06 6100
1764852291183 1.9184414726762425e-06 6150
1764852315100 1.7533432392273403e-06 6200
1764852338383 1.5882450057784383e-06 6250
1764852361782 1.423146772329536e-06 6300
1764852385071 1.258048538880634e-06 6350
1764852408397 1.092950305431732e-06 6400
1764852431933 9.278520719828299e-07 6450
1764852455404 7.627538385339278e-07 6500
1764852478788 5.976556050850257e-07 6550
1764852502233 4.3255737163612354e-07 6600
1764852525656 2.674591381872214e-07 6650
1764852549022 1.0236090473831931e-07 6700
