1764849364079 3.6478 50
1764849390600 3.5011 100
1764849417330 3.0973 150
1764849444618 2.4792 200
1764849470834 1.8619 250
1764849497788 1.2641 300
1764849524593 0.8493 350
1764849550979 0.5985 400
1764849577751 0.5027 450
1764849604643 0.3675 500
1764849631818 0.3137 550
1764849658172 0.2796 600
1764849685422 0.2529 650
1764849714973 0.2313 700
1764849738449 0.1977 750
1764849761815 0.1701 800
1764849785120 0.154 850
1764849808445 0.1561 900
1764849832531 0.1609 950
1764849856020 0.1445 1000
1764849879445 0.1325 1050
1764849903091 0.1259 1100
1764849926525 0.1054 1150
1764849950221 0.1268 1200
1764849973600 0.1114 1250
1764849997035 0.1084 1300
1764850023302 0.1052 1350
1764850046640 0.093 1400
1764850069965 0.0947 1450
1764850093274 0.0945 1500
1764850116641 0.0914 1550
1764850140632 0.091 1600
1764850164008 0.0831 1650
1764850187457 0.0822 1700
1764850210771 0.0857 1750
1764850234202 0.087 1800
1764850257667 0.0935 1850
1764850281166 0.071 1900
1764850304625 0.0754 1950
1764850328147 0.0752 2000
1764850354311 0.0693 2050
1764850377599 0.0664 2100
1764850400988 0.0633 2150
1764850424209 0.0758 2200
1764850447493 0.0744 2250
1764850470829 0.0741 2300
1764850494224 0.0567 2350
1764850518325 0.0616 2400
1764850541742 0.0645 2450
1764850565172 0.0691 2500
1764850588670 0.0685 2550
1764850612127 0.0632 2600
1764850635675 0.0516 2650
1764850661913 0.0427 2700
1764850685249 0.0735 2750
1764850708542 0.0593 2800
1764850731830 0.0618 2850
1764850755243 0.0512 2900
1764850778564 0.0558 2950
1764850801968 0.0554 3000
1764850825290 0.0438 3050
1764850848604 0.0529 3100
1764850871956 0.0592 3150
1764850896122 0.0451 3200
1764850919698 0.0509 3250
1764850943048 0.0709 3300
1764850966412 0.0447 3350
1764850992364 0.0543 3400
1764851015634 0.0471 3450
1764851038977 0.0486 3500
1764851062280 0.0504 3550
1764851085644 0.0477 3600
1764851108947 0.047 3650
1764851132346 0.0442 3700
1764851155771 0.0427 3750
1764851179178 0.043 3800
1764851202615 0.0502 3850
1764851226048 0.046 3900
1764851250252 0.0459 3950
1764851273711 0.0376 4000
1764851299911 0.0547 4050
1764851323192 0.0393 4100
1764851346486 0.0427 4150
1764851369808 0.0306 4200
1764851392964 0.0452 4250
1764851416269 0.0399 4300
1764851439611 0.0451 4350
1764851462866 0.0311 4400
1764851486281 0.0359 4450
1764851509688 0.0458 4500
1764851533125 0.0493 4550
1764851556606 0.041 4600
1764851579956 0.0357 4650
1764851604142 0.0373 4700
1764851630399 0.0349 4750
1764851653835 0.0413 4800
1764851677233 0.0357 4850
1764851700492 0.0467 4900
1764851723692 0.0371 4950
1764851746923 0.0342 5000
1764851770306 0.035 5050
1764851793692 0.0378 5100
1764851816973 0.0342 5150
1764851840331 0.0313 5200
1764851863673 0.039 5250
1764851887044 0.0437 5300
1764851910449 0.046 5350
1764851936671 0.0469 5400
1764851960749 0.039 5450
1764851984104 0.0316 5500
1764852007409 0.0394 5550
1764852030652 0.0344 5600
1764852053973 0.0327 5650
1764852077350 0.0333 5700
1764852100688 0.0245 5750
1764852124026 0.0289 5800
1764852147955 0.0232 5850
1764852171484 0.0347 5900
1764852194982 0.0335 5950
1764852218453 0.0323 6000
1764852241927 0.0339 6050
1764852267913 0.0267 6100
1764852291183 0.0272 6150
1764852315100 0.0241 6200
1764852338383 0.0284 6250
1764852361782 0.0321 6300
1764852385071 0.0343 6350
1764852408397 0.0204 6400
1764852431933 0.0293 6450
1764852455404 0.0281 6500
1764852478788 0.0262 6550
1764852502233 0.0184 6600
1764852525656 0.0303 6650
1764852549022 0.0276 6700
